methodA,methodB,methodC,methodD,methodE
2,7.757089541937091,1.0883761455607475,8.15346466233293,2.056431714252543
2,-0.5117088392961744,1.3693167630378729,12.241982744017804,3.5984909434197556
3,7.43936690431014,2.0438725688928585,-3.3450588039546307,3.439754582381503
2,5.895637520946446,6.612537654522131,5.665831009703956,8.590483477244499
0,6.014207404555581,2.330464999931155,5.364872972626619,8.719163969391072
8,2.5874149942246008,1.8549613983338733,4.108966603828375,3.403972086790392
0,0.26179684346396304,4.2559545382169475,-0.8148465317774596,2.096559794280367
6,3.536072325899746,1.1555713129132892,-2.9434365664485034,0.7865362826992107
9,4.7606153938522215,1.1574213641185043,-1.2162422842236156,3.9372700320918486
9,3.852621048312349,3.0159020708632402,1.9726642805054344,2.9452074181374552
1,0.015018362916892514,6.766593755874466,7.59226413907324,8.101297243725421
4,4.637799639868417,3.4921914697758494,10.776648793473534,5.1673284636136865
6,4.606514216069713,2.5037734032268415,7.368577874601999,1.8158390578298675
8,4.191251136082498,5.291118141454247,4.278835594607236,3.634972323454961
1,4.373272816559755,2.212117504990703,-1.9576293571779155,3.251930849489503
6,-1.3357903569450862,4.279842691130526,5.5577447053758116,7.485777057170941
5,-0.5020864931628681,3.0431423009297864,0.7580554872785932,0.5131608134291685
8,2.6873484333811355,5.355917039786541,4.1127294998321124,3.6211307889718305
2,9.029465225197407,3.303238266767386,7.572919890609301,1.1804327345315686
8,1.0914564919954026,5.062942699329523,4.174445780453841,8.829114120362023
1,5.309110553172076,3.3280234962754496,2.110639105868258,2.527583894479233
9,2.37154820201362,3.2199604536632043,5.456120381142153,2.0623801105478305
4,3.5566980260865875,2.338110217778433,7.922407806634732,4.366963356920091
2,3.36412794983122,1.709102792988062,-0.1648194528354141,3.451241641187346
6,6.141397022947354,3.3730516642971664,1.351351772258219,5.1745161059352665
8,-1.011046082110843,4.907497795634137,6.5700488041766345,8.017764856228391
4,8.891765699011208,1.9477489379512645,4.21999810833649,7.169840180696529
8,8.326084325712074,4.868154833942405,5.457182011717218,6.082515844407823
1,8.172521868694718,3.0543657636095807,6.387523022629932,1.1971517910408886
2,1.0536553788311571,3.3387453840944032,3.6156446304215626,4.219558325402898
4,1.727494192805616,1.1811698216393447,3.3996603580463747,1.214600089587393
9,4.696989306977469,3.3955300795576466,6.9097228335773675,4.897598984924205
8,5.806981054797225,2.27005587682583,-1.2462227708245006,2.1381184906426514
6,8.926435562411577,2.5260712234372926,4.538773097063711,7.43548969979189
1,0.6677187555834019,5.054806599375445,4.979590562281533,0.20542501722808482
1,1.652557908271938,2.2070359996985296,3.998819156525806,0.048345253840244795
3,3.8847113436412077,6.781158226903658,9.682108637484166,3.554421254805208
0,4.904110546678834,10.351285473373425,6.616920377438257,2.126157407887593
0,4.63927997032102,2.9024790363563775,1.1217252367746053,0.979641975380689
3,7.340138329175012,4.06687969803958,6.644338075863693,0.0575600960381788
0,11.161362983103427,2.274824405971536,1.6490634710160492,4.815020501187125
9,3.562217269871767,1.5566312788824266,2.344718094182149,0.9617990890812596
9,9.448064132118173,0.816924201735593,10.357847834043655,5.542791124249285
1,-1.0722696624084644,3.1192388008300354,1.621807848921089,1.9738437640428548
2,5.490154649215738,3.1296602315107616,5.933225713790999,1.2900434496586288
2,4.939745449201294,4.5907785460032455,-2.943090763357765,2.371005317418535
8,3.4615609027710423,3.3190028377106473,9.19041848354636,1.577815480947152
8,3.920971166245879,5.268627830221129,-9.123082708523727,3.178980078690178
4,6.976121630772201,4.069745140032173,4.948632037079904,1.2986357488208107
0,2.950947069160895,1.4058434502465746,5.442336781076933,2.335219134390186
3,6.250695997994283,4.20519342694655,8.469326203523954,0.4456768550797269
3,1.9775731474064204,3.795216304466517,7.138199641175277,2.1531449642651768
3,8.82549547923386,1.2347204129511753,7.086179185219031,4.611298938394318
0,8.058877500082378,1.5116238427586397,5.245320110275446,3.318662416721245
1,14.854810391438109,2.6764127976341676,3.2795851157338545,7.6798000653025795
5,8.559991068074915,3.979428218550876,2.962369247809651,0.9646205057652611
4,0.3957292863798658,2.2458931085755127,5.981129104037669,5.082560753483338
3,7.857301166386149,1.7316598617387675,12.485698485103963,1.169077453213888
4,7.45888627894692,3.212224304960706,3.6029531008617344,3.1691355618183112
4,2.427344813938871,4.276534200755428,14.062181073702213,1.3607329136107842
6,2.9742414222529496,2.247209977983984,-0.8363550553636703,3.165012806377348
9,2.3772922822502287,5.8310017698707135,6.977239955261787,7.5595143234915465
9,0.6799112620174359,2.2451651922812847,7.240294177676322,6.438753710769265
6,-0.598665749081456,2.6622649343413367,8.380663729740682,2.773321032338341
4,4.351100668998323,1.599319755453474,3.2506239073569962,5.751302999013792
5,6.68243493874586,6.274214996400195,2.5154459412667522,5.819362918808476
5,4.996696786156057,2.1004975153617655,6.704734593774798,2.3056482075338405
0,5.233390872542268,1.6813027324754939,12.774620308229467,7.506618534039757
7,1.97594989582419,6.271033987650364,-4.512664169817443,5.72702477829532
6,10.970203524229252,2.572814777348756,5.840489314907135,1.8569324566576593
2,8.701987829150127,4.647794433997816,8.852374606437856,0.2970152091692233
4,4.443406769364398,2.467264953336134,1.76115009487191,4.648363021059554
2,2.2530868892200666,1.8609856930866229,3.656120777034354,1.207273795899443
1,6.105556752700714,3.1118605308541443,7.992324310557244,6.780498521784971
3,2.2356063237742534,3.8912361051153614,10.014722247002943,5.037770923788302
8,5.488379546086343,2.141038970664475,6.912009939037168,5.396555370728289
6,0.9243671713039898,2.463496452754097,12.064569461695125,4.940924331666083
7,0.2949147390449136,2.4049235256901658,5.489362405188358,3.1189599660879193
1,11.060185571377872,1.8813614875249849,4.6719549071437365,4.404497560351829
7,7.081611188266709,2.4479420290223493,2.4217147891952773,3.776436575226631
8,5.640929867632003,1.6630723373989929,0.5381954541535086,3.8078929975965683
4,3.581075716601518,1.384350012420838,2.500076584090163,6.995307813784837
9,8.050159040356164,3.2615662921090762,5.672140675144134,5.052302065819974
8,6.399809083282418,8.41064889228649,2.1556480288357474,2.2991666123139107
1,4.601569919059201,2.2143700785350005,6.522665829588832,3.753607880024507
6,5.7812917897864935,1.8068807900305237,6.819886441447037,4.245582024927547
0,3.328256322375858,3.1834343488374275,8.745341610023823,1.3807947401885807
8,2.6626002776103266,1.532181057028715,4.997245633849755,7.365061479254414
5,-0.3526008467392492,3.515697058903224,2.862548529318132,2.136106949522055
0,3.7368582330659703,2.629934068823082,7.297099440143065,0.7398398862479889
7,7.948909511402924,3.670815779121346,-2.580579806471097,2.0146664260882146
2,0.6883734695182628,4.493884385437489,10.792178695801281,3.834728996616633
8,3.900605120313662,2.059157016990446,-1.651710707948637,4.930428844152557
0,10.21569299696218,2.138921065951746,7.489406130934025,4.979386141687596
5,5.715330147584617,5.03183801416812,-5.954301049571317,3.520345007454807
1,4.121777870157777,2.6686006970176797,8.019980304652673,0.2676076463099467
1,3.6364555445249067,5.704406119995031,-1.692728662864762,0.2781281549176936
6,4.355596748096373,3.656672693929643,6.514077080882934,4.461399576425177
1,3.3414737431444195,1.8414396188910356,-2.839440214444065,6.605908674671533
1,10.312560130494791,3.45153884332885,-3.5805095586578304,3.456294695190001
4,3.829640215778167,2.2882644274139894,7.522688948147086,8.330931979809208
3,-0.9275098395876338,2.023895086575085,7.284981928606129,5.620542903858199
6,4.53789649484291,1.7601808370788081,1.3580109161891407,7.136998441233131
3,9.034185063846936,4.930068511671121,1.938169605216245,0.6430653023714901
3,4.455890317989924,3.129024844479489,-2.677741112246668,1.6393436675081454
8,6.933836478799336,4.380747805384374,-3.5951871075553505,8.302769067690884
9,7.5872342743742385,3.6428319950122696,1.4729365637315848,4.265669517561277
0,6.857793253616892,3.9077922350973076,13.972268579166528,1.241343898450518
8,0.28553888810883254,2.2129151794479505,10.21949559669954,2.4406882050827994
8,4.842566004147652,2.057764462726118,2.505798101148104,7.506287107035739
2,3.8156807915476754,2.7569127684424637,2.1696634722002233,8.00248055207816
3,4.583916654767948,2.5395676448254054,9.50871602397955,2.322960439924758
3,5.109186448908005,4.478094710857464,1.488591630192274,7.3351103924101855
1,2.3171249530192184,4.184730691298326,5.393010295046535,5.6657375454104075
1,4.220333798430911,4.714727225667932,-0.9922413850434992,0.2809741099988444
5,0.6287261954243899,6.381638062266313,14.971775887665022,1.8896874867239903
9,5.11929746818148,2.415366527309648,9.260157881032258,7.75274246961141
5,-1.6429104189338881,1.3217621680032003,5.358118776814762,0.0349937606006373
7,6.43479963343509,1.3137986648235318,10.238430346733088,1.1191799853685198
0,6.256183739034167,3.10622326616704,0.8733726349991655,4.043677291011571
9,2.8129636066304995,1.080134975453438,4.098931287620968,8.616699285243408
8,10.135123461757217,4.30809000340881,9.149611494943803,3.851232503810801
7,5.275307227122002,0.9998774097606037,3.323010321660322,8.22305107077739
0,5.135826092623594,3.042149330325771,3.909025893834073,5.996701009048859
3,8.212462179389458,1.622571497082788,-3.417148506970954,0.4616464119753044
3,6.302033491402536,1.233175742844077,11.08645643036163,6.195222513857707
2,4.488522668418488,3.192285697462659,5.757856077755234,1.5520930250873417
0,3.6558328445164383,3.9653009791134712,-2.9955287975228213,3.644770236495313
1,7.21540388979051,3.494032113392091,1.786778417313466,6.332191564531176
2,4.433065681981818,1.3178129139553016,4.872588862715383,5.1727563810659145
9,2.9128579949286464,4.48920084087925,10.454271347607238,7.0754318702151116
7,6.7755182057861365,6.111568075228032,1.9552544672403478,8.689846882971617
4,6.141892997392082,2.6135120303369335,4.845217687073117,5.2561335861368725
2,3.9936043809190096,3.5437277281418673,9.581231404211987,0.6777107698993297
7,3.598682607641863,1.5887339306128299,13.111426338373157,6.31644351915016
9,5.376796574752731,7.032898055142144,-2.6983541828831985,0.8192505541476491
2,0.8346706498119278,1.3010171802649624,-1.985260811676616,0.5017771182685954
2,5.961521976110103,1.5053072788989734,-0.2901239078256914,4.503256512018862
5,2.2840166772980335,2.629157142173001,2.9482890329940052,7.575869436968429
7,6.626613417021609,2.470139717252688,9.89737867234466,6.318770280909675
2,7.054331522702675,2.649736274380938,4.797692118102997,0.5115625325285948
2,0.7235021269449398,1.433859919420991,5.627160060459714,3.965578931593441
4,7.7136405673432265,4.349298037050553,7.8243717721685035,4.449209913252446
3,4.348691975718725,2.4886716546115015,10.576369643843117,7.855297651976701
7,2.496644927768801,5.203285204929719,9.552933127486437,4.178149844164962
7,5.615358634026733,3.4642132501469844,7.9979539263287585,1.7139967967924297
7,7.599186394705547,3.587575408697034,9.26572920132963,4.348075951017248
3,7.495796753704808,2.3194493733192716,0.3498079475001932,2.2825530025377527
4,0.9526265503315043,2.8107221546848025,2.672481525518126,3.120696299991282
1,3.3123652517087154,1.3322449766396742,11.626564658902023,3.7051511325481408
5,4.339621282933822,2.769928958051741,3.994556565539101,5.909468385783831
9,7.2735023320011445,2.3350309450000806,-6.927566240981008,5.925199882012402
5,3.205270861380613,4.162975142376479,1.7737330896336916,6.805879533710872
2,3.202670167218834,3.2461240238859252,0.7605518874467805,6.227968042009101
2,3.471421353071498,7.570401557402057,1.9845364254325286,3.8439806835427883
8,5.593005021905833,2.525202135286284,0.40010652606908703,0.7191658307540987
3,5.44245381580276,5.743021717083693,5.222216594245427,5.013244976959584
5,3.6398583189391642,1.5981234747255348,7.10669364796235,6.955859566540849
0,2.7784730149952463,1.7688221358792386,4.2351758239547195,7.41212571760246
3,3.3631831553935414,3.4193665339674366,-0.12926777861918826,3.985094406587488
0,7.800254776110393,1.7400076091807746,3.9404604880250607,7.812572225366316
6,5.731859113699701,4.597628735207742,0.63196286709681,1.7538731221070951
7,8.203899954455725,2.3031476695955204,-2.378073558236668,2.489449934724564
9,9.154644844062949,3.289001891807958,0.8575759888894714,1.0135658699509538
8,-2.6987579085662796,4.508544045034591,1.7564781695775742,2.6550428648954925
8,3.320624084253275,2.6842030270467134,5.745416188115976,8.573427042385482
4,4.076652315864248,2.4228466985690775,2.1726512432150002,3.517686440897208
8,5.08316418673025,4.018092169220721,7.679506757822348,8.22136232448281
1,2.7289115950511933,2.7913586453688475,10.108842504598417,5.11499210764706
8,8.737396240086195,1.504768576463492,-1.8179867601636692,2.608783642272591
7,9.843888439904068,2.667006186013242,3.015848812626719,2.63063067312777
3,4.430593480253512,3.821390363384499,4.802619381208377,1.2957264120833187
7,4.6482691119229615,6.134367388497997,4.447625652157718,3.9850964656424237
1,3.433431703457627,3.558254240575644,2.228944058824681,8.187664548810528
4,4.867986507948031,2.6915189189683186,11.637000177163529,6.651684711771545
2,2.403478359747276,3.5641752059028122,7.842144269573087,8.119102372518233
3,5.989791853549377,2.144949815465256,5.526851560252602,1.3814597183998323
6,1.2492017884736208,2.1352970558334805,-0.9633874428555194,6.358600725805883
7,5.072138059138943,0.9612267018053574,2.7662860742293653,1.8041347475640286
1,2.9448841694326457,3.5049945937993865,1.0734931679222317,7.205188798843116
5,1.8885132473236101,3.186257261493725,-1.2360482515588176,7.764894334580955
3,5.505559650259419,3.9844229930841664,-3.4533488575994653,0.2487781133464897
5,4.9607914344268,2.21319971311812,5.725616099430242,6.296158410605875
1,2.1392650274820157,3.199404617927263,-0.6400314970070795,5.537435002796932
4,8.131058085135585,4.929397113740301,9.977682886676057,5.192021971513235
2,9.360119170240722,1.2261564666345568,-1.6280753496654823,5.577143341744142
9,1.387303514095609,3.059827834237015,-2.4727230857573366,7.558330037391584
4,2.1125449101149996,4.023935821592633,3.2794258495721036,4.909949596668123
2,6.449707333665865,3.3932072729288967,4.563904817034261,6.377632271765962
7,6.418630886563034,1.9738419622712364,-3.8174403543547477,6.858751882335895
9,5.881392985538965,6.9218652923843145,5.122224197821698,5.218159856040662
0,6.8738925769412,1.8576350433156847,1.0662954849380277,0.6894181266016587
1,1.5196191579755238,3.290535041499098,6.2468884171141585,0.3640286757384763
5,3.2796330621702907,3.3601419066663945,5.823389647943175,2.8606112404581006
8,3.850265323844246,1.9228270821105087,2.0656796589825466,6.5034060901994195
7,7.930237636934566,2.5737433853978624,3.6789933067005194,2.588802207791291
5,1.803302099666631,4.758158185627947,2.829208466552605,0.2926262374286801
6,8.366129050830924,3.4407716492646863,-1.71087109585571,7.701370587696388
3,10.334287668280325,1.1176499753336162,5.822746202583375,8.987700776422606
2,6.662873266427939,2.228884065713499,5.497027162516038,4.828416306742808
0,4.745524682642824,2.9276828675147137,2.1879004404068505,7.3829930520011295
6,4.995767577606957,4.498693734443669,7.649296341299022,4.100619782444018
9,5.555238000954664,3.6644187992238897,2.447949754110198,2.1767715066849447
7,5.0209521743933605,3.8238753629873226,-0.5088097668356859,6.425640866558104
4,10.834349785080681,0.9460596224794049,3.4746458460575576,1.547365003334408
5,7.294312331355314,1.9882165447686388,6.818816011337587,1.4881045977233018
7,8.798316237812717,4.12570648200741,9.067644292954528,8.911787229304156
5,7.305776224005021,1.4335296039598207,1.9515641187418833,6.060893012124972
3,5.965335987569192,2.905118703132836,-5.630192611820787,6.6936438426519205
6,3.675957444742898,2.1395691898115334,1.9574173548230251,2.675083798173522
4,6.584075125449207,3.7801062649477117,6.546746038424193,7.41163235892548
1,9.80002559257387,1.8703107183229173,5.900322755142371,7.331340654330698
7,1.584986403698676,2.037900344945983,6.931293018211226,2.0309990750101243
1,2.6276558549243387,2.5837831309909256,1.3674056241858477,4.01143808024695
9,6.087792231343785,1.014607754426869,5.247857380383688,4.6052326269736215
9,0.32875872419260954,4.54132771251799,8.267881523865023,7.417224360983355
2,2.6537654867716474,3.9861476520841053,0.3730749214993372,2.740748725775167
7,6.945439808089551,2.276290797857336,5.5358614222999725,5.851604775892515
4,4.050798377855402,2.719856387346618,8.577578300773045,4.956241333820622
7,6.707394574237519,3.100021163456013,-0.9101482908158296,8.328331637248837
1,4.706628846876756,3.9861145437482324,7.515888575027393,3.750496660344412
7,7.0370160659800565,3.839327882112421,3.7842264689957794,1.325912092111823
3,7.56761249456375,2.9034288626080653,6.052805769951356,5.259998434192546
8,7.994501153000181,5.04168923154114,-2.592479466795778,5.314215411339802
2,4.591483505254421,2.298218784878037,4.331257425054142,6.901516220129634
2,6.072605250355213,3.4612331575814115,-4.142750605575701,5.840354461441292
7,0.6276707622287718,4.594419403398119,6.394863050712471,4.296200308141727
6,3.327576844207684,2.6884657276190524,1.157725340318576,0.08455602622933589
4,3.780341225215832,2.565418236409993,7.569047828749893,3.9281883851137294
1,6.836798975330817,3.595776815494248,10.174079398015932,5.604879222682416
4,3.8182585739341346,2.9735235806737688,8.25990002748436,6.848962048203544
3,4.448757951051915,1.8511048707338762,8.316943794995046,2.737326451190194
3,3.774974755472734,2.3180501344822053,4.036918510894172,2.443339899051696
3,10.454529291017735,1.430690545917842,5.115773226197731,4.712768018890418
6,7.873050776273014,2.458028708294404,7.683313733775363,1.3588914449019924
6,5.036063647251526,2.7850297812316565,1.1816106186839765,7.928756370487519
9,4.896041697366781,1.2076985697433404,7.946692036914017,0.32956722752835155
7,7.064951821182697,3.469256322532512,11.765391521712251,2.290473254423305
2,7.702400725726394,1.5749192927372642,6.03070104943148,5.481705931635349
2,3.1777268264978304,2.150270854554219,2.356453484529292,8.03962567687438
3,11.882326220294905,3.0534491718887673,5.510976203034584,3.8747328484227013
9,3.6750821429666134,3.890138339693719,0.11361431557317303,8.743389347240996
3,10.805186841937985,1.4611406133890135,8.4627775409167,1.9379844030616145
3,3.69138627581178,2.5342357174186274,7.000836147380516,3.3841977049095635
2,5.929085957616656,4.5401423455715095,12.081254207635935,5.8885161631424054
9,5.444153233053617,0.8537213215002644,5.920011856002682,2.093388551228871
8,4.835540587179884,1.33213433871194,2.607125201727019,0.8646831716415616
5,4.473592666545279,2.573116321530927,8.645483352033507,2.24414474035032
4,6.262653905207083,4.690748686993312,2.4184728286008927,4.536206210239393
9,7.435672358197254,1.5524541396138822,6.450802101509092,8.507149544434645
4,5.451163244928584,3.5247832765971547,10.568920603753355,5.0995375918691686
8,7.520316186275747,3.6914240484048206,1.2229797071678856,2.6699990659445465
7,3.3343696761456605,1.4290802753188137,12.405337552367543,5.958437565376953
3,1.9443649623111172,1.0495251060630446,4.277259137523462,0.4077890681003722
8,9.754141452635448,7.787345740370399,-0.6649231241624438,7.3920373866887985
5,2.2933385176244325,1.3019098855378568,4.353804046712703,2.4635859645186433
9,8.209941106623319,3.0012910552584926,6.960175286773179,4.590250124822994
6,5.132368099665196,1.2334977877417919,2.772772857945483,1.8846994657218612
8,5.38572054314961,2.623101468492425,9.866240702024996,1.921132568719295
9,4.771313423498739,2.5644958054827023,4.8879104441905055,0.7674106403054631
2,4.529277384162814,3.7126617263059485,-7.60077858851492,0.6088585009876917
8,4.334499997092028,2.4740379370276826,1.888653158984761,3.228799447337269
4,5.5148911890382495,1.6743820379472805,4.201797120419549,2.095163286708669
0,7.490454492113958,2.533945243998236,9.157788482592569,7.220375274025095
6,2.3301091167446444,3.6223117434771575,4.741189444964934,8.813880812753396
5,1.1157815504937103,2.9121873899308084,-3.5934013730243617,7.8052179139615445
1,7.714712813654513,3.1452610823137173,13.239326242924,0.38601860958417045
5,7.227839096545255,3.9352356355198097,3.448985938968023,5.800447637083251
7,1.2828767886298258,1.8538693381723765,9.099914270058214,7.84793831728692
9,8.949977978235701,2.1563218761676004,3.866294673895034,7.355976951315123
5,2.817332688181161,2.571181608830117,13.05448364465369,3.698688544407051
0,0.47179315536975963,1.679116523050762,7.075356036291192,0.4350941069427895
7,2.4579520724282387,2.7004957924735655,4.150087216957273,1.2026412223980159
1,4.223423394726358,1.2535798100299704,6.774606035871709,1.103177566377961
1,6.365042185611252,2.2491774788357524,3.1094180769674544,5.792341047552388
5,8.453209963581179,2.847519858042643,4.762752375999123,8.772603006831076
2,1.9866020100007993,1.4772213212407048,-0.17732477324495832,1.2877650389961575
7,5.409002490041827,3.213424204097569,6.725591072259368,3.5573067612242357
8,7.371483515568243,1.4959180577218079,7.5367105070612,5.425957316653825
8,6.257642664855361,2.604060430986034,3.3661637411670773,5.712749022389124
2,0.36145996752768017,2.1388285852877624,-2.5360456379249063,7.839335911708403
3,-4.334968679427954,3.3733184965868257,0.5479488705316999,3.830018434765772
9,6.626453311937018,2.79911776534356,5.336261929075188,8.343751474873239
4,-0.5588145653020966,2.612215446738779,9.048284957672227,8.38833846745004
9,7.566127057372068,1.0763182515676513,1.5453981431186912,8.31410394675387
3,2.4826957613713216,4.345041335145735,4.966480237203546,5.994055145946214
6,4.515433927091671,1.4163227878282776,8.095944623935331,4.030973779073976
0,3.3410044793492983,5.184739437485529,6.4248359858009545,8.119536718798882
2,4.844130980254288,2.679830873592711,1.1980834882089817,4.969641014159753
4,5.270694978320415,2.58452598316443,4.732170133982513,5.7377853608759155
9,6.247160321224991,4.381376167439589,7.684427789581294,2.7764468559651894
0,11.443826178117284,2.6686271834223927,-1.613911637903989,7.137035818051114
8,4.337113983595581,3.995469557774751,14.533169261018438,6.016642489444145
2,8.327729163041813,3.7316499010039843,7.635581158816088,1.5347855507450783
3,7.002634401034014,1.6112778479343237,6.704231056438995,8.306005027933365
8,3.6894812956259875,2.038050987354548,-0.5452719627507063,4.577909272654931
5,0.310058474502684,2.5397206688795606,11.53718203518408,3.6475040300910386
7,10.334335725460807,1.5335529866729107,8.09040519706214,1.4066913457283925
8,8.339715957702465,2.4360985008411453,1.2131546405409521,7.067036115385064
2,8.062436946760606,2.7432049989090332,9.563955604316533,5.29964944637726
3,2.95056051563713,3.9891162170350216,3.0196584107841,5.330480634162981
1,5.5808270253907155,2.4908743019841983,7.298092713025064,0.47212132273489205
4,3.232096289740795,1.5584755122931946,10.954921592644741,7.075527849560798
3,6.056464496376497,3.3790647282778674,12.32556113575771,1.5581011766227568
7,3.648533560700356,3.401425615510952,-5.405807704602259,5.583380399649343
3,5.710084242562983,5.070319210026168,6.488781160014662,4.036178115904354
6,8.272146779232095,2.377358524548853,8.204383002047575,6.6409698786081055
8,4.844870357789411,0.995655995638188,-3.6801540836973867,7.022404818729468
9,1.9448020856201427,1.999788452951353,7.510295334471137,3.3904675027385327
0,5.981667184090425,3.799391890564207,6.630637462968779,4.936148969495836
3,6.974493108470675,1.7871343882453468,-1.530176691280853,1.135256010377296
2,8.18717632941997,2.5416238220815526,8.969912844586677,6.910348550997668
9,8.396224940292413,3.690815050650978,4.260396429005947,1.333670150421893
8,6.440606359481497,4.1080312344718655,-0.029810038275225104,0.02538584600552407
2,3.1958835332639053,1.4919763186297055,2.237267504649276,8.814958831354396
8,2.3671889280118092,8.727532849987039,-3.1035486546466373,5.236946179693418
6,4.594767920126914,2.610096101122223,3.916932255160898,4.148975078464689
9,6.975951916439575,1.9929567083793258,-2.4476071608587064,8.28441358768748
4,9.769265502189798,1.5100397517734412,8.588373948722852,6.1976457494182835
7,5.7371605832842265,3.577186822338695,2.8826248320489096,7.451486126869753
0,0.6922680075208323,6.551457829625419,3.4708978337719802,0.27885385101888205
3,10.103424974694576,3.725649144610702,13.175483829174247,8.312338832287821
9,4.78772064471521,1.681019553758557,-1.4943082857997219,6.365086673250695
5,6.7465944497782635,3.4861599259471343,4.587171699013236,8.97832786838331
5,2.6111173421670966,4.8975862132006105,10.312157720916668,4.74683110697597
2,3.4858240076962668,1.344499864855414,1.1793346512653096,5.772490061946712
9,6.266019511022825,1.4873934894769003,5.810484655118827,6.218615538311663
7,2.4428925823987844,2.7179187686165758,2.9563090180355673,7.0651917896114025
7,6.885702586882299,2.6842887824153774,11.724243894684578,8.178671260900687
0,2.58295475027691,2.9639287763678563,11.2202661900712,2.910768215446027
7,7.527244642024419,3.5283931626576392,10.534003400279351,6.228065732512105
5,2.1643429198543593,2.9725135232558912,12.076020815299838,4.43434371991539
4,6.622085851866364,3.3387337130917087,11.012546539761985,5.953453364264456
2,6.476606363992325,2.631168533388179,-4.11842770211665,5.540444964331649
4,4.626748246662351,3.967529010750311,3.878614560228356,0.9147818620830445
4,7.02621507352312,4.463457052454207,-6.9904403013735745,4.226986536838517
5,1.258778972381899,2.4447466880331086,6.597134214912812,0.12688309848421608
4,5.529648124158172,2.313996020908319,5.386676676807086,8.133343278786068
5,5.4233809587959705,1.8977437526019987,0.21607989305094844,1.4831008551291494
1,2.5843916379798344,2.0769832291449473,2.638395813490727,0.9160264330178582
4,14.441974510659449,1.1068862306421194,-2.021627006557554,1.5292852914518953
8,4.916176853264632,4.8159083096690996,7.700513945295292,7.870323643102658
6,10.11311180928561,2.3984432517297845,-0.7582232755039033,5.579943119165851
6,5.284365238184904,4.3691269234049255,0.910630669376022,1.3119348656096088
3,5.9948463991755006,1.4303238486979202,1.813857638696748,0.3370703436171657
2,11.299936521090201,2.3714371333347537,11.807062215316169,7.093623702483949
1,4.852313525275513,3.9132205013839565,6.27181304713085,4.472725967639389
6,-1.0113445301673565,1.0333223566639982,-3.551763102266243,7.926275980377389
9,1.0166648609262103,0.9369521999367281,2.6355363444020856,3.0052348438639793
9,8.85891662847746,2.703156509510614,6.844366365397255,0.6048856367658509
7,7.470330362929278,3.594862410485455,0.8366794665005273,3.495692666842727
4,4.528951163844504,4.877783987477508,3.6446240292061924,8.364505959456743
8,1.5420118150213291,2.3247034106274143,9.318742717243174,1.8293189151595803
7,1.2321317686532853,3.9323697556661927,8.753994311813152,6.192818091971686
8,1.0780688530071592,1.6276569504886358,3.755799326153933,6.732847862427682
2,5.672668478318438,2.484981103704226,4.404904365521577,4.100230844880603
7,9.419264692513828,3.568934647622103,7.517716688617302,4.488691508661133
7,5.059751302977107,2.5140386704944797,11.762262478696133,6.877110424735809
6,5.696151574002132,1.979805921467915,10.38364840874768,7.791406168060305
6,0.9327256508146515,5.322526866722279,-2.114065907162412,7.33734485372728
3,7.40612059538282,3.42202532416012,11.673210954427113,4.0256538401481095
9,0.9485327815687619,5.720850694848714,10.388326938129065,5.631951450761543
0,5.54800399076458,2.854656186722366,9.872508484168307,8.650679815017519
3,6.116465987948091,3.226876518472317,4.033620594402911,2.955884534333166
6,6.956848988123863,2.6692185159275175,5.952347106275175,6.639877078704983
9,3.173647117560728,1.9935546550436352,2.4376582409282386,5.814560925979777
8,6.266642956280776,3.130281590084362,11.296492981494382,1.6972601150751605
9,0.8488761608811171,2.862750222372007,2.0948624217581373,0.9012005584901508
7,11.756150827472776,4.658167645822465,17.41598319450756,3.37452064891808
0,1.068457510036632,3.0377835680071392,6.7251372880568425,0.19864805532091367
0,3.786635519687659,2.537996388218348,4.0707986242244605,4.1833502504763915
3,6.730633811265306,3.38962734453243,3.820280241852931,2.2980570904370516
1,-2.166062908673469,2.707209480538858,-6.246955206285277,6.391893580126972
1,9.675515816766147,2.7639283513706583,1.6066214500939866,4.3294384532835295
1,4.110086727513622,2.2164222937616573,7.166680379505866,3.2250968909032802
0,-0.18571229900363928,2.295181152383391,1.555857398011499,5.461735409175519
7,4.913791043652594,1.8282759412548701,13.686139466009298,8.218253316149333
7,1.4701509624420375,1.7437816176467698,13.740680499002139,8.173875643146303
9,6.378501365101814,2.4351342213683607,2.200507141325207,5.416020812144118
1,7.8653625107354905,4.366096632650159,6.699856259743386,6.334014932162871
3,4.075376539383585,1.4156094290995094,8.798492593970812,1.390602260318218
0,3.24989683968229,2.4739601711634713,-0.19641435276751285,2.12248068125958
3,7.133605206909417,3.0285159341349943,8.423409881696553,7.404771341108363
3,-1.3936362449096986,2.8790320646440235,3.1059191722616983,4.5218357673700265
0,5.816666539009885,1.7026560144496055,-0.5332939893469844,0.32065298474027826
3,9.8976384533262,2.7944466188274153,4.800784302786916,4.001292121369756
3,1.9724511587745104,3.759681180228379,13.314778738111519,8.87056729605085
4,3.814603391715708,3.336319576698625,11.087535502548821,7.629630200742239
6,4.931784654652711,2.5762953027730227,0.42303571002917817,5.819629924669645
7,7.259616702013975,2.7351992993434573,9.86110302734497,8.33337660964754
5,2.0933507454178466,2.8063947838645333,6.158018041128447,1.7924588831224648
7,4.086196926890389,3.2041101582476923,4.983098374651893,8.675384768875864
1,4.976132967663162,1.9071065400908616,10.214321879297025,4.820541421464456
5,3.2713163313731237,1.365348205612751,12.23144328267922,7.0590092154287465
2,0.8135998669964035,2.500242953642455,7.365965219885807,0.5670028224543657
7,4.547578282354937,2.359575427744803,2.1833209124321997,0.2537885374083092
3,11.02005829835673,3.488498913902744,4.438764560142037,2.762065062491958
0,9.051117584660865,1.2886751287452056,6.0198296883896765,3.550548695205804
9,10.619904681217315,4.25834676184908,5.104368376528173,4.099923637407089
0,3.4173404977161925,2.957151543893032,5.212596058227852,6.045247642903238
2,6.833389377214174,4.319161675016768,6.749504140994178,1.0339219120211172
9,5.0883288517709415,5.695103255251165,-1.6728698305435765,1.4174561980080382
0,9.116281686891702,2.4877058749754446,-0.23057289699933392,4.108261752954267
0,8.796742737173467,7.27187191077679,5.53877565255229,3.500999015160594
7,-2.633107144764738,1.6245946877127835,5.188255003373896,7.802785080874345
0,6.588912264270162,3.2152209726002656,11.398099145850523,6.9625659026249656
7,6.814010244662825,4.202713842460195,4.746321051154927,5.317657235907693
9,1.539938692533279,7.314781106178177,8.807152358403656,1.5676811563096935
2,5.3269520287957,4.3421194444881355,-1.948501313558288,5.1645345538722305
2,7.158284355854011,3.5470050438306537,12.475459964820617,6.626571825129083
1,8.600790433346802,1.5822676423494189,6.392384570397756,8.58107348915075
5,3.201789219014707,2.4003566939653402,-0.8724329855425381,7.491020353659607
8,9.317192288904337,1.0053935204641398,6.562246835936661,5.34139018094069
5,8.88567591614186,1.5073673774847145,-1.9875880679228013,8.256540917297192
6,2.141839059462668,3.0200038248840197,2.795924012350974,6.1312115371442
1,6.008544234104785,3.592827451401313,8.301211179811698,4.112004734725158
8,1.4446585909831402,2.0833641662796096,7.6511594595707795,7.493204762162671
1,3.798515176871722,2.3563190403710537,6.152204306237637,7.177791937831167
2,4.10347974782459,3.1153926251845525,0.8240376583691758,1.8118627803460208
8,9.163596674016517,1.6538006563070544,2.587727911831176,2.993799882436287
8,4.089385734301106,3.386437692746591,6.4793609457366905,7.390403294761727
5,1.1953976643264554,1.6807573632160229,9.943094425986834,8.05193560269078
0,9.968494982314041,2.0102014113694135,6.757810639562818,8.3550696867984
4,6.5962633748926525,2.8650917024696883,5.745373529227866,3.7564141329385032
1,8.662784286619692,2.5384568349382124,-2.9649129752771506,4.668749247266639
1,7.590455570429102,2.719783830361019,-1.008919453470404,6.9843833000651
8,0.4296170429679744,1.220748327217034,-1.818631389974044,2.386087685964717
3,6.838137566705748,6.492953980120507,8.250980123224743,8.257476258435105
3,9.58569176936299,7.012715191505542,6.893453539383231,2.0008989944295
1,5.778824147637797,0.9497312433051167,2.7324243672662814,3.179925434648478
7,0.34851218995381483,0.8772140814626487,2.58929666044408,7.6944386108457765
5,9.163930045212435,2.8136900702138488,5.763777981183187,2.345291123688248
6,5.090601823284467,1.3727519838647375,11.278193974057121,7.478065022976487
6,9.045711104361573,1.5940086298916767,4.8035928237777235,3.4394985433634764
3,3.3975354184021933,2.823649737249653,-9.369391132846163,8.161587347107195
4,5.626753518514626,3.362808693897479,3.9811682474362406,2.352457957653571
5,-0.7912202972495823,1.4390977411482586,7.103251917425899,2.639984416898424
3,1.4598981884696487,1.4643506937526696,9.400953430136944,8.09237269336471
8,6.595469213387249,5.352529844583948,2.192924777034103,0.3313284483823
4,5.9340376470881075,2.0645040444157585,9.351122103389272,5.478975450439808
4,0.1979426144795493,3.2010001810149658,3.0957524928738627,1.2418907451653618
9,5.241898818538497,0.8256203934251003,4.8341884729096884,5.514484452869823
3,6.2457690257490475,1.7822257904619705,1.0702033273261966,6.232259281797932
2,6.788881306843651,1.523226748151465,-2.886890141816856,4.163322143047362
2,-2.231147814897234,2.9641002902062286,-2.5761005254139206,5.83155303830889
6,1.4944416221310108,2.054547493955872,1.7133204005141738,7.5568718037734
6,10.202051663358358,3.820434578289565,5.575010168014846,7.6857248046477915
0,6.589566027164022,5.912951550873261,3.9531098130733695,5.489649019247679
1,7.87237113040963,2.920900728936865,-0.23724298900437635,3.002587520898921
9,2.7184125709946847,1.7943735420206521,1.204270630737005,4.14186398483914
5,12.174953558377554,3.5911663924312904,2.2075349777705244,6.819168521917705
0,6.447188736287493,2.303156532368993,5.763158775400088,1.225150739919988
2,7.4836920786025765,4.475785958748161,1.9362050508886997,2.075539941422619
1,4.77283969017676,4.65791242308891,-6.345170998470982,1.4477627231288355
3,3.4948255315723413,2.4354488924207125,-1.0644316376872078,3.2448274890093303
7,10.058112499787335,7.779958964511573,2.907012150635793,3.279241707114361
2,3.2242580918772035,4.641181830954516,7.085629782992753,8.375214465039011
9,5.907660488476965,1.4519511214425995,9.303872950434254,8.113703745600093
6,0.992396436587379,1.0309285300170354,2.5448458323423737,3.090698577183059
2,3.8201649280728613,3.534355165909456,5.045446529872624,0.8775152892480999
9,0.8476952745180188,3.9346983970439395,1.119536804047415,7.808263271367641
3,1.6954240852746194,3.8615037491395636,2.244366558986812,6.204754909203248
4,7.489951505055699,2.3094156969637845,4.6288862318758595,3.2108694248902143
1,4.505624606479003,3.3133180216198554,6.576927110559081,6.500413645736351
1,4.0902576880571075,7.038012345131737,3.3847020286405556,5.478707725262055
1,2.2135806731599206,3.2819007961035225,7.4148390570630625,4.169446499823129
9,4.942618052845969,1.6932776116041903,11.122834112189336,4.500609678400925
1,2.0449436497916453,2.7898473480258277,7.3718555690454854,4.408606114123789
4,9.018653923208523,3.814575212068553,7.214843518979666,6.328830495126977
6,2.346281652271832,5.551195239707986,7.493144011750378,4.2221571914552305
9,3.664377779751362,2.1454539836705138,0.5099639360172352,1.2734588988812412
9,6.313415473232473,3.9257952070963027,7.760916107560356,0.054884690423225635
9,4.742605786998165,2.918834071290611,3.9309039325283726,6.536162162909727
1,7.120830085348887,2.686852028206555,-2.0006492804535254,0.36218501500643674
9,5.016576030034272,1.3074114308997475,-0.5743677263439517,1.6099779957800249
5,7.652214744763828,4.609654231886166,5.313683076428331,8.425902915625565
0,4.199382587823479,1.721062487146302,1.1237022426726475,3.6775536773658204
8,3.8918350509607738,2.095240586438084,4.208443241888499,0.4437397001951344
0,8.155064798844412,1.4484817174885816,3.7781970139997365,0.6797858447765847
4,5.262368515415126,2.1447705993378023,10.282783582895867,3.191589452530447
7,3.211046519668532,4.29324582494364,9.975246603170273,1.4251596096338965
5,6.260471161930557,5.074377887386502,1.9685036518411057,1.1130942321269408
7,-3.1808206735744005,2.085874514660886,8.12219226351986,7.069679016545788
8,8.286129620422946,2.4034368852575767,4.9193532586962485,4.451659546531724
1,2.0724986155319214,1.5021304250035576,1.0089248000203703,2.541241353779331
4,2.9786919605903988,2.0846552245386847,5.152833071661322,1.1693622000417427
6,4.02570323194374,1.4484677786164595,5.07487069878077,7.646200632745249
8,9.46054999725302,3.3269527076978753,8.475333962504322,0.414742601563304
3,3.0306505048905397,1.448582576768171,11.469522266872627,1.4261968671269338
2,1.908839781866435,2.9563105151581763,6.57108534507457,6.756054732043376
5,1.9290660254680505,2.9623704062890748,5.11960285783657,5.691644052371762
9,1.9014345154062617,2.3075808751687292,8.120883991775463,8.153109030931336
4,2.14126332753457,1.3410555911181272,11.285601599716824,5.538322400542755
3,2.000281344767448,2.417531501858176,8.264239597646528,3.7056167520367564
8,7.035152195738825,1.9712435910120636,5.604922634023638,8.779313263466051
6,1.1562733602801156,1.549841675842993,15.482990993379902,2.7072055799453163
0,2.6020828437701735,1.270245830326676,7.749901247592538,3.0356926222593232
8,8.423024387787217,1.8049954850593273,-1.676588223474318,2.9563344319201548
2,10.338131515163605,8.070469124595487,6.927239661214813,1.1930494040078286
7,4.267866735926675,4.484289249419828,9.137102245929244,6.580499672564265
5,6.568726782540609,3.038665230979611,8.023507530615294,1.544280361185142
2,6.870741139125794,4.196879707336684,9.609362126146218,3.1314561145664186
1,0.4518111693483924,3.9311968489367706,8.86329042257766,4.781122669203365
1,1.9478658676823173,1.8835754644944438,9.358011413480824,1.7907778680946749
2,4.60086643994664,1.7635450721323442,1.2025591467449894,8.89484229739513
7,1.3591841893540195,2.5463006812347544,17.40662470047166,6.2111469125409835
1,0.07958564264528079,4.65074098806368,7.370007111866734,6.798949694024682
7,4.690973660232458,4.229879573638804,6.501940669968759,0.11128420204723177
5,0.460775796021867,1.3804352597872762,5.59711792501988,8.031653150583413
6,9.869951152956503,6.490964053580799,6.219853943677421,8.62221570755947
1,6.670426443441929,3.205234120948725,2.8048091933840906,4.322363191219214
4,5.343875896713364,1.8444945344579533,5.068649040474377,3.4112672892796057
8,7.878163488776257,5.616967441130327,13.283117745958895,5.322490455336169
7,5.595318386957814,6.620573241724464,10.439368296729842,8.420989785691178
2,5.891150210091425,3.740596708941233,5.2867087641268,0.1691608198798351
3,5.080091017671663,3.068210820203281,3.7003489938150946,4.607699329743034
4,7.0057475181189535,1.9315190821863195,3.2094977859796474,5.195259116852197
1,4.0675432539702125,1.9804217760713878,0.013014409968444163,7.6978801296557045
2,10.502084898195204,3.446791412753268,6.52119459905404,5.837784219756808
6,7.684562713178069,5.505398665163002,-2.2198974209646662,1.6832486631704282
5,8.310559884244235,1.4853311631658546,-7.531685031572355,5.300077689018814
4,6.300436587194186,1.3477570646922237,4.156476394647431,8.725877493176778
1,-0.9980709215964003,2.811089996534238,5.794264423531498,4.234648886691019
7,8.577785762227006,6.473818279749157,-5.5801625356175535,6.445955066297159
1,7.4322910580593575,2.9961060323917548,-1.1580944057326015,7.033784823814183
3,9.507178363898877,2.8982529194288436,1.6326410018291626,4.4619295827735925
4,3.2843879727868415,2.457904222079295,-3.248021583527847,8.361799126218553
4,7.853948885787293,1.7793597137916577,7.423480702095246,7.504521016624924
0,7.100151924690882,4.165892144261053,7.929781378366682,1.5732446555851771
7,3.623995981598237,4.225150432516192,7.662793183572927,8.995720722960284
5,2.231942716488229,0.8144955064339532,-1.9845104125853386,8.770067910898174
2,4.935555884368227,2.7225783651206465,12.65788395637611,0.108627448352424
6,7.710755420346814,1.6011517483843691,7.311828766837337,4.858461081095091
8,1.896465180311401,1.8112714121600624,-1.9507909848129827,0.6580321400782879
6,4.899442982677289,3.1398559777736974,2.8901508967834717,2.1363211396957165
7,8.060040112577635,1.3705416038292053,9.645897316665415,0.6568433031694875
7,6.162875773424963,2.431446941246827,5.726746485411404,6.924727641247807
9,1.4146528379866052,7.261649562304442,13.524293416936793,7.276382365130809
0,4.981347173932138,3.0311864545022287,11.735261932731678,6.039227236990653
5,10.299785408593205,5.312542143439768,9.662957809475522,3.455179526026395
5,3.399318995773927,3.33427153917329,2.2826748814224485,2.2174618124851118
9,0.703769087582824,2.8615763272014094,6.464422473239733,1.111890000572712
2,9.4400996365998,1.9536285702711633,1.1250984649360296,8.090054285425023
5,11.82532037239636,2.1132796701380268,2.410203595064786,1.768564243603627
4,6.589804576523481,3.7887828733932114,6.331839285194562,2.1806046379631248
7,4.9659475089513805,1.5705579046045925,3.2729674340902863,3.6411654352908576
6,4.025800657433574,2.299692376691053,8.13173818816569,6.835136772738701
6,3.9119142877997044,8.59084071035677,5.449618031192414,3.568809523870175
4,5.339336473429962,2.087830472756252,-1.3441450032241145,1.6400009495943937
1,4.969753108964397,1.9675216784807343,7.360409429383577,7.595970436332776
4,7.5200840833471965,1.9230046939119454,5.146843472960935,0.669701708149062
8,1.6809554252783752,2.292853838796055,11.121782872102106,3.7463810808316653
9,0.2067629380211864,1.7958265202603707,7.1043024663827286,5.963626629813517
8,0.4823852081730786,2.1602681135314015,9.30646641686668,8.947624891227198
8,2.197258966025544,3.053683801340406,4.556577329308427,1.1670370960725092
5,5.862495430083146,5.336792793910285,8.237540047183618,4.361514388220632
4,3.88588917467356,3.0572347271591176,-1.2142489834411467,1.3120994791566662
9,7.080128594227981,3.252612139558428,5.100285025473567,8.16946102069369
2,5.499392557014415,2.614020707081236,9.19079951838163,2.477019460580854
3,6.7263645628492945,2.9204140240297893,10.611082866239324,2.9837017293479144
3,4.37614707314545,2.581192179372641,6.2971149938909985,1.8373950475389635
5,0.7093434313674445,1.3571616067745649,11.17848616725723,6.367386451249448
6,5.265412557536785,1.5568628541464733,9.399315004791738,1.13257161203401
5,6.143624652985853,3.5729604106431845,6.98297765943029,8.047219221390709
6,2.658719777768292,2.0596551168923463,1.7258011213007287,7.220587477069394
4,1.0335988497165354,5.885378618887835,3.6364921330585473,6.77645929813488
3,8.454535620504029,3.7241126223359124,8.671628963955186,1.1078345289422566
3,2.1926839230006347,1.805192049728157,3.8929418220094427,3.779968920921415
9,4.974880209259343,3.492507075680367,3.507374737074814,7.969134489245069
3,3.0816867675413504,2.3453687479950034,-1.2123260269738276,8.751723551502096
6,6.406657411062342,2.966605904541575,2.5104992554514407,0.3490718152288269
7,0.43564453518473734,4.659990364090378,2.0499419017749774,5.853796178521309
1,0.08008486352525246,2.649975685010682,4.608850024289138,1.4695377821332758
5,7.618497589563197,1.79402519484526,4.260224214609462,2.681973831725127
9,5.636399851553902,2.269451461657434,3.4899097908180536,7.237781666286636
0,3.779375999610176,2.0341016016229387,4.072923107643958,8.377471263460828
0,9.260298853315675,2.027145442956412,3.068649946135394,0.6377253578079625
6,6.403029860823535,4.1529338853251145,0.45197117463608905,4.736427345719509
9,1.8180301533771646,2.109548387230339,2.3010285703355438,1.954497286448606
7,2.2967848426590103,2.7555134633641796,5.268290685567879,8.76060965427433
0,2.3687537629055964,2.4386953852333852,11.737279005469528,2.6321585630037188
6,3.0059898497179187,2.412198565101383,2.664220221959865,7.321506208617391
2,2.7330134531074757,1.6787858657241865,-4.675648705222569,3.036880975946279
4,1.5837439600978946,2.0792826059403735,6.572182179021497,0.8793275571135432
5,3.718114363054927,2.104649958785974,0.778943817844207,3.60466536112559
9,8.81868683773779,4.474780368797953,5.749572241774987,5.199873115182697
2,3.8259227456869933,2.895468125219125,3.8975562682864195,7.673087473278418
2,3.1319927535569954,1.848737324710007,11.642002637493784,4.540949608472815
4,3.712886051041825,1.9197899463385273,-1.3296174157211356,4.001211983991594
2,1.8140591086437983,3.233109214661327,-6.851448294050099,0.8806654166854931
1,2.4478214166258137,4.17776688394023,2.00986270298439,6.771265103040911
6,5.764212105038043,3.6801828079978707,-4.235275518712379,3.258428888718384
4,7.121751735222852,4.078919841560982,9.264262199245767,1.1904051776808098
9,5.086053081047443,2.8037074330241496,10.03160996283857,1.1583673846637412
3,2.07068988592435,2.4911310050027313,6.303874028480296,8.247409157469985
9,10.076649372748907,2.7395844065891946,7.551524894872399,7.400531155328044
6,6.595372438106439,1.901096236440886,5.849727705869166,3.7042520990076464
2,5.611624595388468,2.3401161137168938,0.0752695304448503,0.19558068526311756
6,5.022760075216944,1.8724782633610866,-2.9776976142433416,7.622011807980093
8,1.5757465534549127,2.9523343989812387,7.316063886213381,1.7086307982512885
6,12.209354963993274,1.2496274139294348,3.0623559841150216,8.32267718147063
2,6.5053450386600105,4.171713016507876,8.902588185246598,6.241198191152475
0,8.726242667526034,2.833963111331077,6.483787438348431,0.1975353391632816
0,2.7262555192234714,1.3557945382919163,1.3275234964189715,4.722884837423996
3,4.073583461279945,1.920866180648237,4.962905164032138,4.539964328591921
6,10.20981113794156,1.6658932325968492,4.330994053866027,5.313495891347329
7,3.6111787668831763,3.8764941646589945,1.1954476593261063,7.915241144920137
8,5.882376494861173,1.7878745927468083,11.93453988001454,7.907788632642296
0,5.586083209075877,3.4528815671123847,-2.6466938880176025,5.798417501766034
2,10.620904395385002,6.233107589971832,10.783230340987025,7.811396914212892
0,7.717110038353799,7.343022861279503,-2.299269375238554,8.245948979193262
4,2.851603421201555,2.2798550228490972,6.917596857487032,1.267452356153974
8,7.363198073189879,2.273890658698565,-4.326025217057168,6.762131472334487
6,6.385570115846159,1.6771618497972154,5.407597694944209,4.859737204225178
3,7.216367220555261,5.013874719969024,10.481007149462698,4.856620062323679
2,2.5439460900920263,1.5917973191959864,13.83526966817174,3.676981658922492
3,1.145260239242707,5.3883506270572825,3.682696700379589,2.520269564367312
3,6.003033034042199,2.6536543892598345,9.222598908561782,0.7880630482557077
4,2.9492733094652586,1.7688836438436502,6.5581702220906495,7.653094078763167
1,9.14309923883293,4.380468874063079,4.702268918358305,3.5689174687164638
4,4.448735849093332,2.191539068081259,7.17487368283113,5.740058236673996
9,0.8402724415280005,1.582753138379808,7.946749608502311,7.109458888634435
7,3.802129988705942,2.155982746549886,-1.1828648810883715,2.8939131861617344
5,4.649817660622449,2.307116103903916,2.2722283080438275,8.403962269639479
7,4.918273090700646,2.7780021800210877,5.584721027944063,1.147392063466088
1,5.618745190146341,5.869413201140629,1.578596174311988,5.971947258288428
1,1.4410377897302493,2.6122212963075144,5.11511213261326,0.15209020845133936
9,0.437853129504326,2.3915609871124555,-0.7027148534421555,7.732309676487828
4,6.956791527362255,5.70983937666542,1.305608168750001,5.361823476532831
1,9.732969671056473,3.797532662542702,0.19728664545058017,2.082601788355649
4,3.7688359089301158,3.223451297712981,3.0907126031607346,6.070678453758626
2,8.098432763699424,3.4849200006818295,2.858839592821385,8.582312371391478
2,8.473077153585521,7.653014826932564,6.625674166158392,4.11887045601257
0,6.408552036695135,2.6501068483638686,9.881468340761726,8.887669769579967
9,5.739283072051919,2.9121452325449133,1.2816819676309272,8.047023671667775
3,0.7377303241825199,2.6589288862622897,13.660572874410498,6.64964828046403
9,6.61920349754881,1.7279730428084483,3.503483420210321,3.827715825437231
0,-0.8974205130191963,2.1722722868222992,5.083368120353718,0.4404772924366125
3,5.9391959296583625,2.208412049276306,1.5217540516647814,6.9122944692157136
9,2.0158174093123478,2.437801870512114,3.951383731833241,1.2896393835477682
9,3.7997026982961613,4.6340330410670925,3.7309188439224377,6.589299880252669
7,3.6821414942290955,3.432263588600276,-2.340946267079331,3.5567238405399717
5,2.667323289391456,2.497905382946386,7.952988645714341,6.172770678360309
0,6.423986932100036,4.803909388684925,-0.7657155437376764,1.2232232403488332
5,2.9131574385166825,2.5821781786750746,1.6745081242624567,0.15868525388768928
0,3.7678440310341648,1.5878298830982127,9.427146659514047,1.3564843624076879
0,-0.04889009248458187,2.9076473031876975,10.449869923384684,0.685203253597328
2,5.667721477124076,2.6873920139980276,4.342949223480767,2.459782832280786
4,2.649599228323556,3.7004036267591203,7.752916518797415,5.990030939574185
5,4.739231114034965,1.379838331320625,-1.6414893416146938,1.0771656826805476
4,6.925237910534828,4.815940047920058,8.614418614549969,5.117991326515337
7,1.3876815118265151,2.8845516103207185,15.464340343448098,0.29181293159869504
4,10.740062337340778,4.221143463815504,-0.6200994039184966,0.1578498514316653
2,7.629699227005706,4.848756140086943,10.495969025129527,6.751478471907967
5,1.104796462125325,1.527939398741169,-3.9682633930574056,0.4762785812931237
7,2.2097896207522227,3.4757797369288173,7.8730831438194535,4.655889191792424
9,6.631557900109284,3.840719079608106,1.2555636191372397,8.680927472817913
3,3.412114454669302,3.1808503796278917,5.888512679380965,8.722636040171999
7,6.080782669462069,3.326587835301545,5.746200899693706,6.190770807133728
8,7.075373180858205,2.3849923382283627,6.040297094704269,2.2903477183778382
1,6.5431102765039295,3.4636468932456492,7.474357324425816,3.6096539786828656
8,3.4101862922738113,7.012104001008528,8.87363819034354,6.4791758848404415
8,5.730803834010626,1.5969871533622135,2.8165860258374718,5.0607078383424415
3,4.344168587479841,3.0491223750071685,8.395151980848933,6.38721407576008
1,5.540262176515152,1.8941674407787636,6.241763228662307,4.755257180984764
5,7.037727529806297,4.354108927709077,11.778602191722381,0.2874484521713754
5,8.394194940502972,7.550321466054247,-1.2910249787145531,0.2050062662829566
3,5.076046116778912,1.7010347021905086,4.289443249622349,0.4646604735869012
4,2.2230702533004885,1.5835977047232448,15.037673011195153,8.635323498653264
6,9.571068915144624,9.768339902922106,0.21629381627751343,4.409534672406041
3,8.12838044371573,3.6403702998822465,4.881132687306944,4.862650127513064
1,-3.1362977056617787,1.5902086618082723,8.094009143184445,2.525677368174347
9,3.521564684276619,5.23893467631658,3.7563127119962827,8.231166342991168
4,7.309660382708797,3.933855309601187,0.0490685267980302,3.4286308789525433
0,6.799940166691821,1.406878080491886,-3.723721394707706,5.434939659781963
5,9.093055767103856,1.4083837960531664,-11.470876571903654,5.531317461553787
1,4.614468951211393,3.460384507312739,8.16418623909334,5.963992263679767
8,5.19657499922079,5.243090068684858,5.204527547961215,8.670103128587769
7,8.81896411960276,2.8677911037295525,11.516198433400893,1.6843195450301234
4,7.076492590501736,1.5176826426820178,3.9136078722153544,1.6494388125804418
0,3.466228656528239,1.6943396203961685,5.498164280616721,6.471982255720268
4,-0.2593465066716307,1.9827966239624824,0.3462929531505061,2.0893454733785592
3,4.737402108216669,2.905996013408459,3.009879158767015,1.8328642134641995
0,6.933912818848502,0.9657401465711047,4.97574937032983,4.85947268053765
7,6.537159489115311,2.8896435687953717,3.7890163501991845,6.71801943594655
1,5.7018572759063835,1.5839123512923334,1.2249013756141802,2.3146322981241205
9,-1.9553642633957597,2.236180671266375,1.6514801928232048,6.0367483941146425
6,3.813026533101509,2.193612910441501,6.355048411164663,7.665901077877209
1,0.45818052549064703,2.8613733575986076,0.23919553575481256,6.330184763836016
6,1.3822146760223006,1.913204771433103,7.672687035944788,3.215395656723941
5,11.45791498299459,2.6390212285255936,-0.7224966875664744,7.4353679147954495
6,2.5935841376536377,2.1550548553752935,4.568856007932931,8.249640808171405
5,8.481546439833417,4.681287727373835,7.005126556224376,4.043794983394089
6,4.788637246392716,2.8302352890977454,4.159269614457421,0.07054845856630987
4,2.9059155467680498,4.2861072750139995,7.249869118190073,5.8650968004694075
7,9.843667661643199,3.7590165938736986,0.7888739514625973,2.8332078565325243
9,5.498884926758414,2.101660741861714,4.174388951577857,5.735950657502111
5,3.9235937263975433,3.0578331819275495,8.128921450297662,4.709682795182728
3,4.69476883166965,3.7595745897484663,4.982669318807654,4.260881894656898
1,8.760279291969749,3.003694607261602,10.109639001022938,8.154954847709906
3,1.36491272722161,3.5895138328479694,3.676298150387422,7.5437015572662744
9,2.5196381780812027,2.0666176931529594,12.017068826863486,4.938851759852809
3,5.960498261793983,2.5805864643315792,10.505050879606861,8.482513630350473
6,7.025063522022364,3.579002712538155,-0.5003318770798977,8.145473180986931
2,6.082792954893742,2.116268305572829,-0.871825246733831,2.59664394558684
5,5.718100970703867,2.427114551915205,8.664262285176896,7.452370193263311
9,7.751389419516845,2.2475333321016184,0.08624691676273422,4.014438470310015
8,6.970419755138095,1.725643696951383,7.468030310836044,4.176491175279103
4,-1.2545857099595992,3.4013418982506187,-1.8081132347230326,4.899795427719322
4,1.560498963338774,6.4324620777557815,4.757328078207028,6.609393358618929
3,9.29257883061772,0.969842044809716,1.2092218500586065,2.893264117984238
4,1.0657971189195767,5.760470655038025,5.363673854186838,6.622160418261372
6,6.843819822899567,1.862214212574111,7.174670556038158,3.712464243344877
5,0.9789479192902624,1.9257769179111344,-1.921998248968995,0.20458687566188016
4,6.511424666510107,2.041629288521884,12.356262695081888,5.447263059127618
7,7.803913300119606,2.50991438832547,9.968013054884514,3.5256442512753505
9,5.641517195592171,2.111851068328342,1.7961774418862113,7.667590927285136
8,6.1988032283680585,3.7610653986734564,5.890733414101128,2.2211874247807435
9,9.171080825625477,2.0732280036997173,-5.298889805148363,0.415900767769246
1,9.594980560779327,1.8588430464671493,6.237202840751955,7.604571608276128
5,5.236249586298564,2.4217890408203533,5.540941753529291,1.3329998379488612
8,2.4979719989564337,2.363239771666825,-3.1608437445319844,1.4606796754152158
2,8.702730745058442,1.7250473626514853,3.9062545309044436,2.458018672482303
4,4.3383940721791125,4.172185636873934,3.4435394062933833,8.976722613326727
8,-1.6780659724829539,4.024188375774452,1.853291697309825,0.5929049825703117
3,7.518959261934762,1.6366221053970764,3.716457246596681,2.7902956400388224
3,4.845038457425736,3.1835484159421594,7.723176604756537,7.607461936899576
9,4.73061167030523,1.039280075029687,4.056655230538936,2.9373691731318567
6,7.592544519658634,2.7721025173541642,0.38701468038420117,5.955494693296097
9,7.004795577820575,2.461588962074276,10.556524866612019,3.6361484427852373
9,4.761266822579629,2.5537871666022003,5.740432210107223,3.0680515353843143
7,6.021155341159794,4.719249259891836,5.702054786195122,0.793360365906126
8,2.2856080184607075,2.334718631847327,8.2534772933861,5.261345269110208
2,-1.6616524867180615,2.5042589419171284,2.1335227219459165,2.694957251110737
1,4.915086959640038,1.5218462946953333,5.273921437208528,4.40167755947027
6,5.746603921963037,3.073137290275046,2.427711188844279,4.590447502174687
3,6.2851102494863085,5.853217651171348,5.80057653011751,6.283589214248509
1,5.268605290296802,3.3211003439125997,10.006617082328342,6.205822543596843
9,6.403318914992615,5.273177787754885,10.559068816197263,8.359655018587587
7,8.062493894649704,5.132805338695477,10.707802502790294,5.767516708968951
5,2.3986961871038055,3.731523273705102,-3.1455122637102892,2.9618834418276783
4,8.259340244282328,2.837478236236924,1.631749226479688,5.531214621858836
4,3.058175824275816,3.3689683302594453,5.359908336709901,6.8039951215647125
2,4.8320379755562355,6.578395146319788,7.808655771847591,0.4985586424611854
4,7.855983352659188,0.9715517983327409,4.538019025619718,5.293993191242797
1,8.369765422670564,2.5330442974383733,4.402832803551928,7.92666389985558
0,11.579296240708597,5.055546322436224,10.478729610229781,6.983396058717709
3,4.90325405800208,3.331145589199757,9.68020535889502,3.168340840214591
7,2.327095935811382,5.891110090535625,7.327890098229638,1.4989209671038186
6,4.064077514685989,3.603132795911337,1.6427787728037133,8.755904321293093
8,11.320013109632002,4.920529017294162,7.110154804911563,1.3462340736677636
2,9.859911142190763,2.292661808789793,4.3511269778523,8.430471510366822
4,1.3300767396413544,1.7360666808717193,0.27972157907848505,8.36743014098051
3,6.877880041751726,2.2765977644588586,6.756696087128724,7.453451762117137
3,5.937508339117832,1.882252966945068,12.293743294850966,1.581182699465459
3,6.692874113308102,2.489804532839782,0.6239320536466968,1.4239918688304458
7,9.581326513745882,3.540819236122518,3.766464704554304,8.424410249013604
3,4.35524981274063,2.81053899429698,3.050301098481021,3.103528205479419
2,4.484855946999782,3.0858882912124694,2.8957758921998,1.3129864713611654
6,7.778180304053345,4.35209835879024,1.560399824812908,3.6903015763000786
6,6.019948416502803,4.808678872847963,2.3658572933862874,8.30314395552471
4,7.988204877038724,2.4577503149383815,-0.6447125815076928,7.356033089769084
4,5.5180337200935305,2.917503888211115,-0.12247882838559399,7.411399788208351
2,8.526021622552399,2.9393265253085374,-1.1266790070804813,2.7338064820954076
5,6.406740711343752,2.041598944879962,10.48519109487841,3.6029446889861108
0,4.5572730742698795,2.416814316537142,-8.166863696142885,1.0092269254988042
1,7.075489940303465,5.023131267602279,0.9474718071914912,8.21561052634878
7,1.0999865243299052,3.8974139621518527,6.629929361447443,1.9690379890153662
5,4.0440013541610025,3.6374664339227656,-2.414562945631065,1.0098328895491908
1,6.318665974408178,3.0717362190186916,9.921188118492916,3.339591376191893
0,6.553482196062227,1.6849146485912108,5.472455394306216,4.140722992986738
6,-0.8267164810406049,2.417372613755213,2.607496052411596,2.885478894731442
8,0.25527561804127696,1.7488058681505485,11.939610798069115,8.283157151520676
1,7.843047152517843,3.029614385466984,3.3280925611623156,4.055133464488278
5,7.12896410429202,3.263286080686608,4.607942499232465,3.2315927322318494
6,3.4819699836046407,2.338091762257741,2.0028334583610468,8.536591555941168
6,7.7434705036264235,6.5439674409872115,5.991647591193491,5.520871219184257
6,5.80169229118872,2.6136862540595382,8.328581122123055,3.1115717192749264
3,5.906317455358671,4.852117452907986,5.390223876317585,1.1187443184499397
9,3.1817712307282378,4.058676878587685,9.888089025267776,1.3751430546256365
9,6.251110551707868,4.130570881113885,12.60706250336579,8.036815018700047
6,6.673022324287844,4.537058325164677,-0.1740730766571792,3.581413339333941
3,12.264246712737085,3.3959416281820762,6.695249039401375,4.5576473404116085
7,5.480298952751015,2.8288199999373784,1.457178395597556,1.469866033286808
8,4.01968718644774,7.5334364042446005,-2.515477042822523,4.4023608634566855
4,5.673640924007994,1.122969544349651,2.656922691448636,8.342313301617573
9,1.4061070320463092,2.108048282034657,9.113019660300477,0.36953395834179914
8,2.8936932319432396,2.4739762823161575,7.0542087786634236,0.6909786647074518
5,6.440260312625698,5.274014573311793,2.8804019982268363,5.057946520425062
7,2.400684499128836,1.2449362355640796,9.704674968847534,4.336474917989404
4,6.237646666131422,3.0411332928193735,7.34357358337995,2.2256113440394847
7,6.08406806361506,2.9496470296380224,9.317857705484546,0.14021408769573118
2,2.611724575924911,3.4586439515826033,9.030715788947541,5.3867501493456755
8,3.4229853564690687,2.8594998110494854,1.0968437916747833,5.622226818593797
3,8.058252866488285,2.059878086406483,3.735767689375223,8.08760100356386
4,6.743018946253372,3.800099478076937,-0.6314479754906079,2.215554018036037
3,4.832102738084788,2.827828353634373,-2.7945147762797626,3.487314612392935
2,1.0220234252905231,6.9208739162945685,-0.836076418900042,1.3107047709708768
1,6.467633908872398,3.0197248207971827,7.325806673663851,2.4557031887664538
1,5.434728235052063,1.7127845161603847,1.3698785261836104,6.08573839933664
8,10.095672100298417,2.3065410611058965,11.793053101487729,7.064937494527762
4,6.630428628533041,3.797120941310682,7.461377124386938,0.5781358765823432
8,4.331653350023889,2.2659321103383396,6.500719495973151,5.303863985594479
4,7.379622939924726,2.7050646955143134,7.36061826620298,1.7139373302942618
1,1.1470213362079553,5.085498584216346,-0.021202852356524637,7.0935914488105585
7,5.958951777208352,1.4427190880574106,3.7334976433087452,5.919308975490068
6,0.7264371262226508,3.5095533145402817,8.846808179420414,8.635908099054951
0,7.737552872931303,0.9196157505176074,5.61152004880544,2.577614146625188
7,6.693130828491423,2.424238515612569,6.788568274474656,5.351024833180489
7,5.188685817049182,1.8692054139752707,7.138202414530506,5.483316667770115
3,6.442633430708681,1.4231456810304572,4.087949234958342,0.7805546945098175
8,3.5672004252297214,1.7347635347733157,2.6998714880737804,4.731789967261682
6,12.850662163281333,3.7582305321648506,13.389455277253887,7.659354507664223
8,6.229164785095989,3.2481580118770004,9.198859404733732,5.179768246941316
5,9.757369106128426,2.427578796314013,4.022374700466767,6.108314858556918
6,7.341473259652111,2.1393739866552717,1.960969320524638,6.461125182261566
7,5.031793469231966,0.6843256460645115,7.914184235764482,3.4273682432426975
8,-1.3335696208942736,2.951108194587216,3.238087619614542,1.572644945083038
1,5.835072574537753,1.2712601644387462,-2.8698188753377023,5.014406468924099
1,7.93218872544686,2.681087133104644,4.424450738402554,3.7624348074781246
0,6.449336101417673,2.808302332836742,5.126503516158145,1.0771840988609642
2,6.925421749451309,1.6170577349424038,7.6837638543464815,4.879037085342124
4,6.953027503675379,6.415103117648473,3.2658875846001156,7.907482936242368
2,3.862517060670544,1.9132334695231232,11.362000253737278,3.512194766451262
9,6.56027229041492,3.5103501458310653,5.194826252456946,2.466913863293679
7,1.7498282765470297,1.2534684160982164,6.452988678901153,6.360353091503367
9,7.894489041801881,3.9481032829138547,3.0960877839702867,5.0864825284281565
5,2.983529913400056,1.5679524295800733,4.677563767151901,8.171053579433012
9,3.0596040549901256,2.2369751602508705,3.3144234340610668,1.2338622290972454
2,5.299137773095937,11.17208150482729,4.605141312897231,6.734678988689146
4,7.071575967744694,1.1581960402565676,4.529301501693364,6.683348792065584
0,4.199636631482448,3.1424137548963835,-2.971282903088162,0.8585913277346235
1,4.063985244374062,2.913029001289753,1.9296613747301614,1.731701856455697
2,3.154393632043475,1.5004843095970664,2.0015995120796957,0.3505081850077356
2,5.0694171761066045,1.2409908531556508,12.112669539163686,1.241371697646858
0,4.868047448772253,1.3100146386103062,-0.14603608470684115,5.450942429968885
6,8.464702822584304,3.170285746193273,0.6698699592197004,3.3066667013444464
0,2.043212235302225,1.6683603244996628,7.2956841056834065,4.4704185139957655
4,4.642587900401724,3.8724018596522365,0.9029683360924832,3.0505788816985375
7,3.5331898077303734,0.7913518546782174,0.789236409198705,4.8837228115054705
7,4.322480572454901,3.982115850494911,0.8733901180224777,4.827299169808919
5,4.568503947923714,2.62959512605974,3.3427019071256288,1.5929711748001474
9,8.164341596750246,2.0817128073544944,-1.0332593643265806,8.634056922151197
8,0.7973657966489096,2.602549631008146,-7.766386667954135,5.191130127766397
9,4.7091859190828735,2.363154328082331,10.133265229116882,7.620762451724863
4,8.227024652546397,3.8115985096435194,2.9099992162015935,0.21160162032871255
6,5.002735572552264,9.095719479418632,1.4536083766209393,7.263111672780173
1,4.5906181469570315,3.5673668896346684,0.10789283957470097,8.012982055590182
4,2.6967506158943575,2.341263296737139,2.858449378717413,0.8763469242265638
1,8.809400773275929,5.827422598968321,-11.497017625482373,6.163819650190533
8,6.8939765621249975,1.5879096083014679,0.9315787071774295,8.890265312384884
9,2.17691818788452,1.7309538787245846,1.9875682604401943,1.9320555013508423
3,-1.2605391576628335,1.7935532241162782,7.204058123182396,7.932394347774312
6,8.809576154416325,11.99611523855592,6.14214910182347,5.772376924138964
6,0.7100322921599762,2.2404744542751382,13.324967392271242,1.7668017213511007
8,9.937662997495252,1.8443156769487679,5.415888447439263,0.011296028292856919
3,9.944246968737838,3.128516684578909,5.182986943018339,5.873177088740807
3,4.845384779280864,3.2490352956935333,2.7373630966775444,1.9711023581776117
5,7.09818065535319,1.7440809699793192,-2.177477644811865,8.526645147905654
7,5.659742855867039,7.231850196065171,7.558746546600069,1.511172805833057
7,4.0010265699782925,5.423212391211158,8.084438502277898,3.4344665969260944
6,8.08081543581142,2.653893933392095,8.125996434561678,2.3298093000035083
3,6.931649090346299,3.875163110882838,-3.753109168669411,7.97665733727702
8,4.149825861319262,1.824592027869703,-0.029234340500789102,6.559637599501187
9,-0.326769218930937,3.6412889143771237,-1.880257302516804,3.89268599521694
7,7.056503928710185,1.349982476843855,1.682453415004717,7.349702613327759
9,-0.05216809071876405,2.2959343787634925,5.2772521638670575,5.345333729945554
0,8.764953377113292,2.227377581354379,10.43267193398566,1.6024686235567542
6,2.6982802327427673,2.598497599873899,7.298165856496875,7.062118626902051
8,2.9099384295741966,2.8769932633429844,2.861933371619866,1.1693291398501873
9,5.261593315084474,2.4824709637476636,4.763412851822942,8.080039517734741
1,4.340538427020962,8.066172678427527,11.594010775607984,0.18534326507673515
0,10.224206942674424,2.059231200834867,1.429548100964321,5.4253752103316435
4,4.10744241399905,2.156648699877974,9.72235294480155,6.273562927386336
1,4.668423496122887,1.5563020557011038,6.571715966390736,2.974904748318998
5,3.308042977236757,1.9210706026847042,3.220601246314195,5.855576960447004
7,2.915907206231898,3.3799021084457004,10.358042094756694,2.420214322679895
4,8.377138727023294,2.643193312105996,0.8066912398052204,1.3211577769899892
0,8.034200457306408,2.6643362034000004,6.011693496814496,5.18094772802796
9,4.052600393606248,3.8432968712620132,7.751246677256804,4.3553168975211936
9,3.1724779072763445,2.770256403787513,0.7021688949338376,5.581187523150814
4,7.326239134808999,4.110356907676214,8.760402087604207,5.793300447897266
2,9.100118357230844,3.859579844170116,-1.5159982459624715,3.1938394408544393
1,4.842848674760749,3.0821672632598154,3.7082550875306604,0.19786924410197715
2,0.038026701158198506,2.309691197836353,0.13248623384818448,2.160493475871239
7,11.499384211361004,1.9853148500231546,-0.3826191361328961,4.649687800575851
3,3.3731610914924675,3.6334544041352954,3.730884624373064,8.07439124591155
3,2.8298606502392487,1.6673398626077023,-2.7563131552441087,5.4628784478016446
3,10.5019110342629,2.9416522823827744,1.9909333425336162,2.8370669494448086
3,7.147078765468873,3.624408691405855,-0.7289341587239928,2.135729508885143
2,-0.10371690826628033,3.4531943842760033,3.970031943963558,7.774198548737781
6,5.561295658163815,3.6955443765924763,6.211120593472353,5.02079174749715
4,5.452534183839913,2.3780696765511915,4.556867393910008,7.634455351981933
6,7.361911396040625,5.201596487143174,-0.1057944612748365,2.9238831385326582
7,9.068039362521665,3.1650606366440077,8.162962645671472,5.163592795829325
6,0.710623165958328,4.220199750440715,11.412048019387441,6.179858233771903
3,4.1190808996368595,2.144617806455638,-2.7684699838574094,1.8834483060361946
1,9.459323838896537,2.2058536209197483,11.119190336446412,3.5768583615455665
1,12.0698844115906,2.634802970750192,9.054478944314772,0.2509955481807854
9,6.487418513802856,6.296713690689298,5.567377376964316,1.031601142342706
6,3.135028345700826,2.166200296630122,11.744635521818914,7.017602713946449
5,8.44977270908328,1.8560920093911628,13.237952865978928,4.823406677221467
1,2.7053709043024208,3.1439564548383263,5.539594452282641,2.486486114477363
4,0.4125083127528839,3.9615571370075386,1.000209443865827,4.804798395560507
4,7.288709886407666,2.957620663230021,4.349234362168327,3.3071216421118774
6,3.771772374496266,2.9367194171612536,8.818781743527929,8.274132097999633
3,2.027406871776445,3.428640176467115,0.6048900158471491,6.7352262037416954
9,9.008136923092433,3.3998782253284623,-4.547343887430587,8.576836163490798
5,5.482192294886377,3.3387560963261955,8.200964605664637,8.844889443787181
4,7.506044936539771,3.4733725373425917,7.428224213252748,2.363729366509217
0,3.9979497581283185,2.6756105688329996,5.625625698589968,3.0139380050864553
4,3.665445046327979,3.162043622790555,8.338034577373975,8.565032810449173
4,2.086926507150136,7.008343667242905,8.614577775169723,0.3243922998892369
7,4.879738494375734,3.2859078600202793,-0.8367974545063515,3.524619967312681
2,8.733554665137603,1.5311031436238758,2.9915128818472314,0.7597840193167249
2,0.7512392181552574,1.4414225920683061,10.317845083295524,0.7581447810955202
1,1.4443640086834901,4.30893706234798,12.531998174516499,6.760995629442589
1,0.13462303801705744,2.7845082564547683,5.25054980254829,7.192678976172907
0,3.4241834450207143,3.239865496875218,1.3811825247662113,2.6457088177652452
0,11.763463693109017,1.8781247630048672,1.441506269486792,6.017037403059986
9,6.688739776107288,2.0044862577728417,1.802752052068969,7.868099774177908
3,0.3583184669981607,2.4418961432008155,-0.9981799270976222,3.3913188714977904
9,-2.5561542673097977,2.6818155571209785,0.618696554987936,7.007089284442822
9,5.325594303672677,3.6666547496103465,1.5673196175603703,5.151061390860039
0,5.376908601183525,3.7571075390006627,-1.8821540133973755,8.669308020165225
5,8.524530567213297,1.9074523523316769,-3.8257049886126175,7.7331292020507405
3,3.272309766378312,1.152976579797162,-0.4325042336038898,7.096087233810296
8,8.41939008035665,4.058085900733824,0.02905011932883461,3.0709562250070244
8,5.494986908083216,4.1235024225266566,10.050788889153857,6.923708822381524
4,4.7344754246181875,1.3102557667642474,1.4866004097538497,1.9914005957558012
1,5.231026990798393,4.389410705016303,2.8051479003100415,3.6297248115736687
0,6.7197773811332855,2.2575413108565665,-0.9225906450546209,5.163220382358624
8,7.969382197542419,3.628957225405029,3.3607422625509256,7.456479456923002
9,6.714808036830114,2.8429900899378904,3.9943140620031206,7.45929399809795
9,3.9923116635872775,1.8855821846787015,10.248107921847204,5.536505373372055
7,6.1039702678277,2.65687923004948,10.34538223418617,0.051125338071459026
4,6.2729385999698195,1.5134075962306999,6.125380328657824,0.7013035001219963
9,2.6030289755837748,3.5413520253362485,14.831930496542089,0.22377661342713107
7,2.900686873125559,3.5777795947923767,3.4102714440128987,6.6575157382414
1,1.74112046178241,2.8200245855512303,3.426954011074293,1.2108930823326074
2,5.827566882276957,3.5194216730871988,6.976836662674792,4.363129889130433
5,5.3105074651727495,1.1848356255180394,-4.852533204213335,3.5409766305933994
8,7.047525198067168,2.9806762225516255,-0.5328431700629128,5.115963335870129
7,6.128719717049813,1.9058483855541621,7.472003080026928,2.1921424374825564
5,7.77319031515634,4.027547159748703,6.953131437585887,2.501911357323554
6,4.479016866609719,2.55672919116085,7.1516992455095,2.965951533473722
8,2.489450490216345,2.5533259042521443,11.220339286187397,5.156965037350115
3,8.637354133742875,1.9664956922122827,0.05076593397474838,3.756205969558151
1,1.3002887316064915,3.2044039239657005,8.81374379467464,7.414237058631524
5,4.289742986695993,1.2841721961899715,4.853159284829426,0.9112505797359908
9,5.412064187166513,0.8685148017442527,9.151609672486433,4.94208967811711
8,5.430816259805809,5.529502680799674,8.1689441866509,7.888669590153447
3,0.6798895084912147,1.6254716251582164,8.363004698953832,3.874840496459157
1,7.122032595311305,2.152175586972586,6.481698041226534,8.391398126797785
1,-1.3137928852121412,1.3435388293806958,-1.191337639854675,5.503506771092505
5,5.387027318795305,1.155001325060987,-0.38759503979855126,6.112026858769944
9,4.819108507786668,3.5558359861489457,10.979926996760224,4.667255007491754
1,0.4471288402992881,2.9140602125231996,5.550745863362485,2.7593542870322607
8,-2.117959011066578,2.6097408053332742,5.6855930657396705,8.844171948865354
9,2.464783044630802,3.3201056159413547,2.541789533628524,5.090703732465673
4,6.646357557663755,1.4655186027600087,10.976197209607054,8.604864552609465
7,7.141886674210954,8.55433090467008,11.481954105842664,0.5883140001328891
7,5.303958815819276,1.212540076835373,-2.121855030406522,3.2658888967722843
9,4.6150991894673865,2.5588625052064042,8.34858230570997,2.749078412036382
2,3.5581161923699436,1.6080449173314129,-0.4683481064465642,6.525261106689128
7,5.7760741889144676,2.292097734947815,10.813921364940082,1.9673329683572298
7,5.228588857982052,1.2103276678103665,3.374345245348553,2.872633953624347
4,10.897085267045476,3.4148139599112204,10.69796625783385,0.28304352109932385
3,5.153998752306521,1.613664268851262,5.664221321891415,3.616935092986426
1,4.403140246177003,1.9405045045416869,0.235347029122968,0.9992108172608183
9,8.164272732952123,2.0663152246865115,7.558313159230773,0.6680342818291422
7,-0.25098385908500553,1.5460714256728227,4.694931536643663,8.036696646684295
5,7.036628077829154,0.8393387093526397,3.29596413823091,0.9233630328952259
2,4.169428044573214,3.8934801014449882,8.030607230982243,6.738085492800261
2,-1.2672161087902918,3.9373946050349615,12.935283702884954,8.123576944311468
7,2.3592677697532354,4.507586797042996,13.01929244867513,1.0668367690357865
2,2.830587178678496,4.2983823409842215,3.4318211833209666,5.713226175409652
6,3.5895299258417945,3.743489545437355,-1.7296716787307211,8.050235073110766
3,5.384654928244457,2.2929854738958997,3.9053040394101,6.537750750242531
3,5.066229925791688,1.550479811172359,-1.0430970575204963,8.004074616090312
5,5.97793239929747,4.035281230520306,2.3435866886332204,7.843801018316077
5,5.403560689020667,3.5320812860995123,9.502253908609571,3.5653890684178586
5,9.389159050557717,4.415458111794443,5.287348190270179,5.637106549835458
1,6.973077962196849,3.229305265844435,4.201104287801185,8.575836256796658
0,1.8432844409834752,7.935406175112548,0.33853664527705263,1.377356397449244
5,1.2506631744770544,7.704476576952447,4.908130990912946,8.97254695118484
1,2.628222144136437,3.7144555539844144,9.93885243420179,3.7700185422107406
1,4.4987447377892185,3.8084143753839985,9.406613909479201,7.45462222218501
0,10.414952692940524,3.4021919728094585,5.499881874847501,3.015727757393859
6,8.805431670800127,1.6544070730721714,0.6706235123241284,5.922681746238296
7,6.657161867414351,3.58275429380831,7.830378329888657,2.132754833214322
9,4.805150859508801,2.5256171657116955,7.9851714861838605,2.3407231090260963
8,5.589298132701288,2.185595853656772,4.603897594321176,7.824965324542804
2,1.796322755838189,0.6008615892281916,16.804958052180428,7.182731003154262
9,6.590631120970321,1.3590760037061393,5.400957836390631,3.3624655637376506
6,10.062889848279102,2.8524177142553127,3.707092969645088,0.6230895390318536
7,3.1598935493159037,1.3079756432454401,-4.098408508898148,7.538866028884342
1,4.424213001274284,1.8004185511400748,1.8413301049503956,2.383181084085947
4,1.8640070961107318,3.0655659483975373,7.549312486828062,5.808746739622305
1,3.1902639601698746,1.5435281963398184,1.0833889665604972,3.540441403064996